1540.0,-11.40993
1540.05,-11.51273
1540.1,-11.4898
1540.1499999999999,-11.56397
1540.1999999999998,-11.54597
1540.2499999999998,-11.61818
1540.2999999999997,-11.55668
1540.3499999999997,-11.5623
1540.3999999999996,-11.5432
1540.4499999999996,-11.57684
1540.4999999999995,-11.5108
1540.5499999999995,-11.48209
1540.5999999999995,-11.51201
1540.6499999999994,-11.63049
1540.6999999999994,-11.55635
1540.7499999999993,-11.56358
1540.7999999999993,-11.67691
1540.8499999999992,-11.86219
1540.8999999999992,-11.65947
1540.9499999999991,-11.69638
1540.999999999999,-11.69133
1541.049999999999,-11.68183
1541.099999999999,-11.5812
1541.149999999999,-11.6345
1541.199999999999,-11.57573
1541.2499999999989,-11.65094
1541.2999999999988,-11.57483
1541.3499999999988,-11.75519
1541.3999999999987,-11.66402
1541.4499999999987,-11.71905
1541.4999999999986,-11.7039
1541.5499999999986,-11.85939
1541.5999999999985,-11.74381
1541.6499999999985,-11.79193
1541.6999999999985,-11.72927
1541.7499999999984,-11.67303
1541.7999999999984,-11.62552
1541.8499999999983,-11.55518
1541.8999999999983,-11.56185
1541.9499999999982,-11.60833
1541.9999999999982,-11.63592
1542.0499999999981,-11.67468
1542.099999999998,-11.76696
1542.149999999998,-11.91334
1542.199999999998,-11.78918
1542.249999999998,-11.75863
1542.299999999998,-11.81936
1542.3499999999979,-11.79757
1542.3999999999978,-11.69007
1542.4499999999978,-11.67577
1542.4999999999977,-11.63461
1542.5499999999977,-11.70218
1542.5999999999976,-11.61762
1542.6499999999976,-11.6907
1542.6999999999975,-11.72343
1542.7499999999975,-11.77157
1542.7999999999975,-11.80827
1542.8499999999974,-11.83254
1542.8999999999974,-11.79146
1542.9499999999973,-11.71225
1542.9999999999973,-11.71714
1543.0499999999972,-11.74334
1543.0999999999972,-11.6003
1543.1499999999971,-11.59004
1543.199999999997,-11.61081
1543.249999999997,-11.69534
1543.299999999997,-11.75973
1543.349999999997,-11.75106
1543.399999999997,-11.74868
1543.4499999999969,-11.81664
1543.4999999999968,-12.01002
1543.5499999999968,-12.05834
1543.5999999999967,-11.81287
1543.6499999999967,-11.80498
1543.6999999999966,-11.75926
1543.7499999999966,-11.74479
1543.7999999999965,-11.75519
1543.8499999999965,-11.82278
1543.8999999999965,-11.84713
1543.9499999999964,-11.97054
1543.9999999999964,-11.85706
1544.0499999999963,-11.92748
1544.0999999999963,-11.78994
1544.1499999999962,-11.80315
1544.1999999999962,-12.01385
1544.2499999999961,-12.03489
1544.299999999996,-11.85165
1544.349999999996,-11.98358
1544.399999999996,-11.9172
1544.449999999996,-11.89799
1544.499999999996,-11.9279
1544.5499999999959,-12.15082
1544.5999999999958,-12.17708
1544.6499999999958,-12.24381
1544.6999999999957,-12.32495
1544.7499999999957,-12.46383
1544.7999999999956,-12.64655
1544.8499999999956,-12.78906
1544.8999999999955,-12.84133
1544.9499999999955,-13.07124
1544.9999999999955,-13.2298
1545.0499999999954,-13.46492
1545.0999999999954,-13.80029
1545.1499999999953,-14.32784
1545.1999999999953,-14.74772
1545.2499999999952,-15.23921
1545.2999999999952,-15.93296
1545.3499999999951,-16.90559
1545.399999999995,-17.82254
1545.449999999995,-19.06325
1545.499999999995,-20.70759
1545.549999999995,-22.04692
1545.599999999995,-22.1377
1545.6499999999949,-21.46325
1545.6999999999948,-20.35904
1545.7499999999948,-18.83364
1545.7999999999947,-17.44503
1545.8499999999947,-16.34123
1545.8999999999946,-15.67917
1545.9499999999946,-15.02469
1545.9999999999945,-14.38544
1546.0499999999945,-13.96557
1546.0999999999945,-13.65556
1546.1499999999944,-13.4181
1546.1999999999944,-13.16276
1546.2499999999943,-13.02401
1546.2999999999943,-12.91667
1546.3499999999942,-12.60617
1546.3999999999942,-12.46075
1546.4499999999941,-12.49538
1546.499999999994,-12.47048
1546.549999999994,-12.1932
1546.599999999994,-12.1365
1546.649999999994,-12.20357
1546.699999999994,-12.18497
1546.7499999999939,-12.10783
1546.7999999999938,-12.16262
1546.8499999999938,-12.17471
1546.8999999999937,-12.16869
1546.9499999999937,-12.26318
1546.9999999999936,-12.04806
1547.0499999999936,-12.10146
1547.0999999999935,-11.95267
1547.1499999999935,-12.02801
1547.1999999999935,-11.97109
1547.2499999999934,-11.99641
1547.2999999999934,-12.10625
1547.3499999999933,-12.00688
1547.3999999999933,-11.98677
1547.4499999999932,-12.04744
1547.4999999999932,-11.93808
1547.5499999999931,-11.95285
1547.599999999993,-11.99561
1547.649999999993,-11.90334
1547.699999999993,-11.82544
1547.749999999993,-11.83503
1547.799999999993,-11.81051
1547.8499999999929,-11.93317
1547.8999999999928,-11.88676
1547.9499999999928,-11.90526
1547.9999999999927,-11.96968
1548.0499999999927,-11.99524
1548.0999999999926,-11.98873
1548.1499999999926,-12.0378
1548.1999999999925,-12.017
1548.2499999999925,-11.95145
1548.2999999999925,-11.94573
1548.3499999999924,-11.91835
1548.3999999999924,-11.88796
1548.4499999999923,-11.80374
1548.4999999999923,-11.8336
1548.5499999999922,-11.97604
1548.5999999999922,-11.98327
1548.6499999999921,-12.04968
1548.699999999992,-12.13244
1548.749999999992,-12.05398
1548.799999999992,-12.007
1548.849999999992,-11.97299
1548.899999999992,-11.98272
1548.9499999999919,-12.00016
1548.9999999999918,-11.9316
1549.0499999999918,-11.78016
1549.0999999999917,-11.86594
1549.1499999999917,-11.84992
1549.1999999999916,-11.88011
1549.2499999999916,-11.99684
1549.2999999999915,-12.06583
1549.3499999999915,-11.98971
1549.3999999999915,-11.99168
1549.4499999999914,-11.92173
1549.4999999999914,-11.90382
1549.5499999999913,-11.94446
1549.5999999999913,-11.91551
1549.6499999999912,-11.83805
1549.6999999999912,-11.83598
1549.7499999999911,-11.86857
1549.799999999991,-12.02652
1549.849999999991,-11.91051
1549.899999999991,-12.00392
1549.949999999991,-12.01403
1549.999999999991,-12.01669
