1500.0,-12.3381
1501.0,-12.17401
1502.0,-12.40115
1503.0,-11.77548
1504.0,-11.94543
1505.0,-12.17779
1506.0,-12.04041
1507.0,-12.21229
1508.0,-12.16959
1509.0,-11.8957
1510.0,-12.05341
1511.0,-11.88167
1512.0,-12.29712
1513.0,-20.47522
1514.0,-12.26011
1515.0,-12.39293
1516.0,-11.88508
1517.0,-11.86088
1518.0,-11.80162
1519.0,-11.79851
1520.0,-11.99518
1521.0,-11.77776
1522.0,-11.96651
1523.0,-11.5897
1524.0,-11.72459
1525.0,-11.59704
1526.0,-11.64288
1527.0,-11.83568
1528.0,-11.85897
1529.0,-11.82349
1530.0,-11.63377
1531.0,-11.63139
1532.0,-11.62597
1533.0,-11.76731
1534.0,-11.59716
1535.0,-12.00053
1536.0,-11.68801
1537.0,-11.56708
1538.0,-11.50542
1539.0,-11.47161
1540.0,-11.42419
1541.0,-11.71086
1542.0,-11.63954
1543.0,-11.68841
1544.0,-11.81464
1545.0,-13.20666
1546.0,-14.44317
1547.0,-12.0536
1548.0,-11.9489
1549.0,-11.89444
1550.0,-11.9891
1551.0,-11.64209
1552.0,-11.5432
1553.0,-11.59077
1554.0,-11.42894
1555.0,-11.57539
1556.0,-11.65094
1557.0,-11.72996
1558.0,-11.52981
1559.0,-11.49029
1560.0,-11.50092
1561.0,-11.67537
1562.0,-11.8226
1563.0,-11.66846
1564.0,-11.9025
1565.0,-11.70735
1566.0,-11.62631
1567.0,-11.5831
1568.0,-11.46927
1569.0,-11.65355
1570.0,-11.64855
1571.0,-11.57701
1572.0,-11.71271
1573.0,-11.41778
1574.0,-11.53706
1575.0,-11.42204
1576.0,-11.4979
1577.0,-11.87006
1578.0,-11.95456
1579.0,-13.00016
1580.0,-22.40784
1581.0,-12.66961
1582.0,-11.90286
1583.0,-11.66618
1584.0,-11.57964
1585.0,-11.6989
1586.0,-11.56035
1587.0,-11.41278
1588.0,-11.41509
1589.0,-11.2475
1590.0,-11.25739
1591.0,-11.29757
1592.0,-11.48886
1593.0,-11.5249
1594.0,-11.64458
1595.0,-11.35739
1596.0,-11.26981
1597.0,-11.50394
1598.0,-11.25371
1599.0,-11.43034
1600.0,-11.62162
