1554.0,-10.81448
1554.01,-10.8405
1554.02,-10.83175
1554.03,-10.85736
1554.04,-10.8739
1554.05,-10.90803
1554.06,-10.911
1554.07,-10.92794
1554.08,-10.91167
1554.09,-10.93867
1554.1,-10.94485
1554.11,-10.96177
1554.12,-10.97449
1554.1299999999999,-10.9885
1554.1399999999999,-10.99475
1554.1499999999999,-11.00937
1554.1599999999999,-11.04454
1554.1699999999998,-11.06533
1554.1799999999998,-11.07835
1554.1899999999998,-11.09596
1554.1999999999998,-11.09651
1554.2099999999998,-11.12263
1554.2199999999998,-11.11996
1554.2299999999998,-11.15528
1554.2399999999998,-11.16279
1554.2499999999998,-11.19201
1554.2599999999998,-11.21491
1554.2699999999998,-11.20388
1554.2799999999997,-11.17076
1554.2899999999997,-11.18905
1554.2999999999997,-11.19702
1554.3099999999997,-11.17951
1554.3199999999997,-11.16624
1554.3299999999997,-11.17763
1554.3399999999997,-11.19196
1554.3499999999997,-11.21276
1554.3599999999997,-11.22829
1554.3699999999997,-11.25418
1554.3799999999997,-11.26882
1554.3899999999996,-11.2846
1554.3999999999996,-11.31162
1554.4099999999996,-11.3234
1554.4199999999996,-11.29495
1554.4299999999996,-11.27074
1554.4399999999996,-11.29155
1554.4499999999996,-11.25055
1554.4599999999996,-11.21265
1554.4699999999996,-11.17641
1554.4799999999996,-11.15483
1554.4899999999996,-11.15635
1554.4999999999995,-11.1446
1554.5099999999995,-11.1184
1554.5199999999995,-11.10962
1554.5299999999995,-11.10026
1554.5399999999995,-11.09396
1554.5499999999995,-11.09616
1554.5599999999995,-11.10506
1554.5699999999995,-11.09686
1554.5799999999995,-11.10737
1554.5899999999995,-11.13653
1554.5999999999995,-11.14243
1554.6099999999994,-11.14895
1554.6199999999994,-11.16243
1554.6299999999994,-11.18094
1554.6399999999994,-11.17814
1554.6499999999994,-11.18808
1554.6599999999994,-11.16624
1554.6699999999994,-11.15559
1554.6799999999994,-11.16299
1554.6899999999994,-11.16944
1554.6999999999994,-11.16929
1554.7099999999994,-11.19544
1554.7199999999993,-11.23009
1554.7299999999993,-11.26435
1554.7399999999993,-11.26934
1554.7499999999993,-11.30286
1554.7599999999993,-11.31545
1554.7699999999993,-11.33738
1554.7799999999993,-11.3814
1554.7899999999993,-11.3885
1554.7999999999993,-11.41461
1554.8099999999993,-11.46258
1554.8199999999993,-11.49626
1554.8299999999992,-11.53711
1554.8399999999992,-11.59306
1554.8499999999992,-11.61053
1554.8599999999992,-11.65043
1554.8699999999992,-11.65736
1554.8799999999992,-11.65548
1554.8899999999992,-11.66305
1554.8999999999992,-11.66522
1554.9099999999992,-11.69397
1554.9199999999992,-11.69718
1554.9299999999992,-11.74033
1554.9399999999991,-11.7492
1554.9499999999991,-11.78402
1554.9599999999991,-11.82077
1554.9699999999991,-11.89168
1554.979999999999,-11.93208
1554.989999999999,-11.96938
1554.999999999999,-11.99365
1555.009999999999,-12.0123
1555.019999999999,-12.03024
1555.029999999999,-12.04147
1555.039999999999,-12.03495
1555.049999999999,-12.03743
1555.059999999999,-12.03303
1555.069999999999,-12.05634
1555.079999999999,-12.06339
1555.089999999999,-12.07265
1555.099999999999,-12.04968
1555.109999999999,-12.06689
1555.119999999999,-12.08945
1555.129999999999,-12.1113
1555.139999999999,-12.11806
1555.149999999999,-12.09517
1555.159999999999,-12.11775
1555.169999999999,-12.12826
1555.179999999999,-12.14598
1555.189999999999,-12.16243
1555.199999999999,-12.16281
1555.209999999999,-12.19809
1555.219999999999,-12.20738
1555.2299999999989,-12.2196
1555.2399999999989,-12.22945
1555.2499999999989,-12.24889
1555.2599999999989,-12.25626
1555.2699999999988,-12.23854
1555.2799999999988,-12.23496
1555.2899999999988,-12.21145
1555.2999999999988,-12.19024
1555.3099999999988,-12.20144
1555.3199999999988,-12.21869
1555.3299999999988,-12.21985
1555.3399999999988,-12.21772
1555.3499999999988,-12.20415
1555.3599999999988,-12.22322
1555.3699999999988,-12.24824
1555.3799999999987,-12.25671
1555.3899999999987,-12.25456
1555.3999999999987,-12.24173
1555.4099999999987,-12.24055
1555.4199999999987,-12.24863
1555.4299999999987,-12.25926
1555.4399999999987,-12.26776
1555.4499999999987,-12.26835
1555.4599999999987,-12.29198
1555.4699999999987,-12.3172
1555.4799999999987,-12.37169
1555.4899999999986,-12.40406
1555.4999999999986,-12.40892
1555.5099999999986,-12.45276
1555.5199999999986,-12.49593
1555.5299999999986,-12.52757
1555.5399999999986,-12.52146
1555.5499999999986,-12.57368
1555.5599999999986,-12.61581
1555.5699999999986,-12.66588
1555.5799999999986,-12.71276
1555.5899999999986,-12.77116
1555.5999999999985,-12.81883
1555.6099999999985,-12.88208
1555.6199999999985,-12.94863
1555.6299999999985,-12.98129
1555.6399999999985,-13.03766
1555.6499999999985,-13.05003
1555.6599999999985,-13.0886
1555.6699999999985,-13.10397
1555.6799999999985,-13.14414
1555.6899999999985,-13.18639
1555.6999999999985,-13.20837
1555.7099999999984,-13.29597
1555.7199999999984,-13.34971
1555.7299999999984,-13.402
1555.7399999999984,-13.45519
1555.7499999999984,-13.52903
1555.7599999999984,-13.56991
1555.7699999999984,-13.63757
1555.7799999999984,-13.6653
1555.7899999999984,-13.71534
1555.7999999999984,-13.76209
1555.8099999999984,-13.80691
1555.8199999999983,-13.85834
1555.8299999999983,-13.92435
1555.8399999999983,-13.99363
1555.8499999999983,-14.02196
1555.8599999999983,-14.08466
1555.8699999999983,-14.14253
1555.8799999999983,-14.18619
1555.8899999999983,-14.18792
1555.8999999999983,-14.22063
1555.9099999999983,-14.2377
1555.9199999999983,-14.29661
1555.9299999999982,-14.31703
1555.9399999999982,-14.33226
1555.9499999999982,-14.3575
1555.9599999999982,-14.3748
1555.9699999999982,-14.43917
1555.9799999999982,-14.45409
1555.9899999999982,-14.47754
1555.9999999999982,-14.48234
1556.0099999999982,-14.49347
1556.0199999999982,-14.54402
1556.0299999999982,-14.56697
1556.0399999999981,-14.5916
1556.0499999999981,-14.58657
1556.0599999999981,-14.63699
1556.0699999999981,-14.68377
1556.079999999998,-14.71919
1556.089999999998,-14.72104
1556.099999999998,-14.76408
1556.109999999998,-14.80146
1556.119999999998,-14.82545
1556.129999999998,-14.84212
1556.139999999998,-14.83514
1556.149999999998,-14.82793
1556.159999999998,-14.84591
1556.169999999998,-14.83265
1556.179999999998,-14.83856
1556.189999999998,-14.82569
1556.199999999998,-14.86955
1556.209999999998,-14.88184
1556.219999999998,-14.94261
1556.229999999998,-14.96533
1556.239999999998,-15.00461
1556.249999999998,-15.04176
1556.259999999998,-15.10068
1556.269999999998,-15.14895
1556.279999999998,-15.19969
1556.289999999998,-15.22781
1556.299999999998,-15.24674
1556.309999999998,-15.31604
1556.319999999998,-15.36131
1556.3299999999979,-15.4161
1556.3399999999979,-15.46475
1556.3499999999979,-15.54404
1556.3599999999979,-15.57814
1556.3699999999978,-15.6477
1556.3799999999978,-15.69817
1556.3899999999978,-15.72319
1556.3999999999978,-15.75039
1556.4099999999978,-15.80488
1556.4199999999978,-15.86111
1556.4299999999978,-15.96244
1556.4399999999978,-16.00959
1556.4499999999978,-16.08018
1556.4599999999978,-16.16589
1556.4699999999978,-16.26514
1556.4799999999977,-16.31206
1556.4899999999977,-16.36554
1556.4999999999977,-16.43863
1556.5099999999977,-16.52882
1556.5199999999977,-16.60189
1556.5299999999977,-16.651
1556.5399999999977,-16.72124
1556.5499999999977,-16.77043
1556.5599999999977,-16.85486
1556.5699999999977,-16.94212
1556.5799999999977,-16.99778
1556.5899999999976,-17.07569
1556.5999999999976,-17.11248
1556.6099999999976,-17.1629
1556.6199999999976,-17.2305
1556.6299999999976,-17.28377
1556.6399999999976,-17.30752
1556.6499999999976,-17.34002
1556.6599999999976,-17.3921
1556.6699999999976,-17.43598
1556.6799999999976,-17.46903
1556.6899999999976,-17.50254
1556.6999999999975,-17.52796
1556.7099999999975,-17.54205
1556.7199999999975,-17.57658
1556.7299999999975,-17.59372
1556.7399999999975,-17.59886
1556.7499999999975,-17.57791
1556.7599999999975,-17.63677
1556.7699999999975,-17.65574
1556.7799999999975,-17.65846
1556.7899999999975,-17.64467
1556.7999999999975,-17.61699
1556.8099999999974,-17.61632
1556.8199999999974,-17.62979
1556.8299999999974,-17.60512
1556.8399999999974,-17.55861
1556.8499999999974,-17.54337
1556.8599999999974,-17.50385
1556.8699999999974,-17.46339
1556.8799999999974,-17.39849
1556.8899999999974,-17.36175
1556.8999999999974,-17.31525
1556.9099999999974,-17.25272
1556.9199999999973,-17.21432
1556.9299999999973,-17.1518
1556.9399999999973,-17.08818
1556.9499999999973,-17.03489
1556.9599999999973,-16.98127
1556.9699999999973,-16.91131
1556.9799999999973,-16.85674
1556.9899999999973,-16.80155
1556.9999999999973,-16.71285
1557.0099999999973,-16.63826
1557.0199999999973,-16.59054
1557.0299999999972,-16.53511
1557.0399999999972,-16.45816
1557.0499999999972,-16.3834
1557.0599999999972,-16.31405
1557.0699999999972,-16.22817
1557.0799999999972,-16.13405
1557.0899999999972,-16.05303
1557.0999999999972,-15.9698
1557.1099999999972,-15.88452
1557.1199999999972,-15.82221
1557.1299999999972,-15.76194
1557.1399999999971,-15.67846
1557.1499999999971,-15.62056
1557.1599999999971,-15.56777
1557.1699999999971,-15.50111
1557.179999999997,-15.44647
1557.189999999997,-15.3952
1557.199999999997,-15.30707
1557.209999999997,-15.25481
1557.219999999997,-15.19391
1557.229999999997,-15.10445
1557.239999999997,-15.02889
1557.249999999997,-14.96789
1557.259999999997,-14.88591
1557.269999999997,-14.82734
1557.279999999997,-14.74841
1557.289999999997,-14.65941
1557.299999999997,-14.59809
1557.309999999997,-14.52263
1557.319999999997,-14.4758
1557.329999999997,-14.41035
1557.339999999997,-14.35602
1557.349999999997,-14.2963
1557.359999999997,-14.26219
1557.369999999997,-14.23121
1557.379999999997,-14.21725
1557.389999999997,-14.18354
1557.399999999997,-14.16081
1557.409999999997,-14.15575
1557.419999999997,-14.15333
1557.4299999999969,-14.12724
1557.4399999999969,-14.09971
1557.4499999999969,-14.08864
1557.4599999999969,-14.05977
1557.4699999999968,-14.02285
1557.4799999999968,-13.98273
1557.4899999999968,-13.94829
1557.4999999999968,-13.89522
1557.5099999999968,-13.86505
1557.5199999999968,-13.86372
1557.5299999999968,-13.85051
1557.5399999999968,-13.83781
1557.5499999999968,-13.83067
1557.5599999999968,-13.82833
1557.5699999999968,-13.8303
1557.5799999999967,-13.82561
1557.5899999999967,-13.80803
1557.5999999999967,-13.80897
1557.6099999999967,-13.78328
1557.6199999999967,-13.73328
1557.6299999999967,-13.70822
1557.6399999999967,-13.69711
1557.6499999999967,-13.67859
1557.6599999999967,-13.65718
1557.6699999999967,-13.61609
1557.6799999999967,-13.61788
1557.6899999999966,-13.60059
1557.6999999999966,-13.56338
1557.7099999999966,-13.52501
1557.7199999999966,-13.49912
1557.7299999999966,-13.44445
1557.7399999999966,-13.39597
1557.7499999999966,-13.35341
1557.7599999999966,-13.29456
1557.7699999999966,-13.24871
1557.7799999999966,-13.21333
1557.7899999999966,-13.16172
1557.7999999999965,-13.12919
1557.8099999999965,-13.06801
1557.8199999999965,-13.04509
1557.8299999999965,-12.98909
1557.8399999999965,-12.97674
1557.8499999999965,-12.90551
1557.8599999999965,-12.85449
1557.8699999999965,-12.80518
1557.8799999999965,-12.75641
1557.8899999999965,-12.68385
1557.8999999999965,-12.64262
1557.9099999999964,-12.6049
1557.9199999999964,-12.57157
1557.9299999999964,-12.52806
1557.9399999999964,-12.5027
1557.9499999999964,-12.44143
1557.9599999999964,-12.38721
1557.9699999999964,-12.32973
1557.9799999999964,-12.28955
1557.9899999999964,-12.24576
1557.9999999999964,-12.19751
1558.0099999999964,-12.1556
1558.0199999999963,-12.1187
1558.0299999999963,-12.08129
1558.0399999999963,-12.05067
1558.0499999999963,-12.04041
1558.0599999999963,-12.00164
1558.0699999999963,-11.98671
1558.0799999999963,-11.95328
1558.0899999999963,-11.89708
1558.0999999999963,-11.8498
1558.1099999999963,-11.83781
1558.1199999999963,-11.8058
1558.1299999999962,-11.77455
1558.1399999999962,-11.78625
1558.1499999999962,-11.76947
1558.1599999999962,-11.77268
1558.1699999999962,-11.7927
1558.1799999999962,-11.79399
1558.1899999999962,-11.80268
1558.1999999999962,-11.83455
1558.2099999999962,-11.83272
1558.2199999999962,-11.80274
1558.2299999999962,-11.77899
1558.2399999999961,-11.73691
1558.2499999999961,-11.75566
1558.2599999999961,-11.72673
1558.2699999999961,-11.71564
1558.279999999996,-11.68028
1558.289999999996,-11.6899
1558.299999999996,-11.72095
1558.309999999996,-11.74827
1558.319999999996,-11.72817
1558.329999999996,-11.75019
1558.339999999996,-11.78004
1558.349999999996,-11.77098
1558.359999999996,-11.78408
1558.369999999996,-11.77776
1558.379999999996,-11.77981
1558.389999999996,-11.78221
1558.399999999996,-11.78355
1558.409999999996,-11.78226
1558.419999999996,-11.7669
1558.429999999996,-11.77905
1558.439999999996,-11.80721
1558.449999999996,-11.8144
1558.459999999996,-11.81658
1558.469999999996,-11.79111
1558.479999999996,-11.78156
1558.489999999996,-11.76224
1558.499999999996,-11.71058
1558.509999999996,-11.69684
1558.519999999996,-11.70103
1558.5299999999959,-11.70683
1558.5399999999959,-11.70063
1558.5499999999959,-11.67954
1558.5599999999959,-11.69041
1558.5699999999958,-11.70241
1558.5799999999958,-11.71876
1558.5899999999958,-11.72482
1558.5999999999958,-11.7066
1558.6099999999958,-11.6732
1558.6199999999958,-11.61903
1558.6299999999958,-11.58399
1558.6399999999958,-11.53888
1558.6499999999958,-11.51625
1558.6599999999958,-11.46105
1558.6699999999958,-11.41004
1558.6799999999957,-11.37798
1558.6899999999957,-11.35352
1558.6999999999957,-11.33563
1558.7099999999957,-11.31666
1558.7199999999957,-11.28915
1558.7299999999957,-11.27918
1558.7399999999957,-11.26528
1558.7499999999957,-11.24734
1558.7599999999957,-11.23355
1558.7699999999957,-11.20265
1558.7799999999957,-11.22365
1558.7899999999956,-11.21887
1558.7999999999956,-11.2068
1558.8099999999956,-11.18369
1558.8199999999956,-11.1702
1558.8299999999956,-11.14385
1558.8399999999956,-11.14258
1558.8499999999956,-11.12746
1558.8599999999956,-11.11133
1558.8699999999956,-11.05502
1558.8799999999956,-11.02891
1558.8899999999956,-11.03487
1558.8999999999955,-11.03014
1558.9099999999955,-10.99851
1558.9199999999955,-11.00731
1558.9299999999955,-11.00496
1558.9399999999955,-11.01177
1558.9499999999955,-11.01496
1558.9599999999955,-10.98407
1558.9699999999955,-10.99934
1558.9799999999955,-10.9828
1558.9899999999955,-11.00991
1558.9999999999955,-11.0327
1559.0099999999954,-11.01658
1559.0199999999954,-11.04755
1559.0299999999954,-11.09111
1559.0399999999954,-11.09071
1559.0499999999954,-11.08942
1559.0599999999954,-11.09331
1559.0699999999954,-11.10181
1559.0799999999954,-11.08912
1559.0899999999954,-11.08458
1559.0999999999954,-11.06886
1559.1099999999954,-11.06414
1559.1199999999953,-11.08204
1559.1299999999953,-11.10156
1559.1399999999953,-11.13743
1559.1499999999953,-11.16512
1559.1599999999953,-11.15513
1559.1699999999953,-11.16725
1559.1799999999953,-11.14749
1559.1899999999953,-11.17224
1559.1999999999953,-11.15655
1559.2099999999953,-11.12836
1559.2199999999953,-11.10742
1559.2299999999952,-11.10677
1559.2399999999952,-11.117
1559.2499999999952,-11.14228
1559.2599999999952,-11.16263
1559.2699999999952,-11.14764
1559.2799999999952,-11.16537
1559.2899999999952,-11.15098
1559.2999999999952,-11.14157
1559.3099999999952,-11.12006
1559.3199999999952,-11.11163
1559.3299999999952,-11.07781
1559.3399999999951,-11.08353
1559.3499999999951,-11.0636
1559.3599999999951,-11.04518
1559.3699999999951,-11.03098
1559.379999999995,-11.00913
1559.389999999995,-11.03118
1559.399999999995,-11.02026
1559.409999999995,-10.98314
1559.419999999995,-10.9641
1559.429999999995,-10.93805
1559.439999999995,-10.93655
1559.449999999995,-10.90186
1559.459999999995,-10.90908
1559.469999999995,-10.8739
1559.479999999995,-10.87119
1559.489999999995,-10.86176
1559.499999999995,-10.83236
1559.509999999995,-10.83796
1559.519999999995,-10.83862
1559.529999999995,-10.81246
1559.539999999995,-10.83316
1559.549999999995,-10.82254
1559.559999999995,-10.83025
1559.569999999995,-10.79462
1559.579999999995,-10.76886
1559.589999999995,-10.76451
1559.599999999995,-10.74709
1559.609999999995,-10.71419
1559.619999999995,-10.67116
1559.6299999999949,-10.64991
1559.6399999999949,-10.65817
1559.6499999999949,-10.64689
1559.6599999999949,-10.64036
1559.6699999999948,-10.63671
1559.6799999999948,-10.62782
1559.6899999999948,-10.62034
1559.6999999999948,-10.60415
1559.7099999999948,-10.5947
1559.7199999999948,-10.59114
1559.7299999999948,-10.57662
1559.7399999999948,-10.59867
1559.7499999999948,-10.62536
1559.7599999999948,-10.62845
1559.7699999999948,-10.6302
1559.7799999999947,-10.63442
1559.7899999999947,-10.66228
1559.7999999999947,-10.64477
1559.8099999999947,-10.63285
1559.8199999999947,-10.63025
1559.8299999999947,-10.60183
1559.8399999999947,-10.62217
1559.8499999999947,-10.6228
1559.8599999999947,-10.63555
1559.8699999999947,-10.66323
1559.8799999999947,-10.6946
1559.8899999999946,-10.74156
1559.8999999999946,-10.75757
1559.9099999999946,-10.76803
1559.9199999999946,-10.74995
1559.9299999999946,-10.76701
1559.9399999999946,-10.76238
1559.9499999999946,-10.7597
1559.9599999999946,-10.74441
1559.9699999999946,-10.72616
1559.9799999999946,-10.7301
1559.9899999999946,-10.71502
1559.9999999999945,-10.72102
