1556.0,-14.47918
1556.05,-14.60862
1556.1,-14.74505
1556.1499999999999,-14.85421
1556.1999999999998,-14.85207
1556.2499999999998,-15.07224
1556.2999999999997,-15.2863
1556.3499999999997,-15.55449
1556.3999999999996,-15.77924
1556.4499999999996,-16.1148
1556.4999999999995,-16.47952
1556.5499999999995,-16.80824
1556.5999999999995,-17.13731
1556.6499999999994,-17.35456
1556.6999999999994,-17.53412
1556.7499999999993,-17.60467
1556.7999999999993,-17.62215
1556.8499999999992,-17.50538
1556.8999999999992,-17.30188
1556.9499999999991,-17.00595
1556.999999999999,-16.71212
1557.049999999999,-16.37463
1557.099999999999,-15.9557
1557.149999999999,-15.59937
1557.199999999999,-15.30707
1557.2499999999989,-14.94249
1557.2999999999988,-14.5643
1557.3499999999988,-14.28775
1557.3999999999987,-14.16435
1557.4499999999987,-14.0779
1557.4999999999986,-13.89293
1557.5499999999986,-13.85145
1557.5999999999985,-13.79155
1557.6499999999985,-13.66358
1557.6999999999985,-13.55889
1557.7499999999984,-13.33998
1557.7999999999984,-13.14486
1557.8499999999983,-12.91386
1557.8999999999983,-12.62511
1557.9499999999982,-12.4315
1557.9999999999982,-12.20061
1558.0499999999981,-12.03712
1558.099999999998,-11.85367
1558.149999999998,-11.7825
1558.199999999998,-11.84036
1558.249999999998,-11.77192
1558.299999999998,-11.74886
1558.3499999999979,-11.78109
1558.3999999999978,-11.79299
1558.4499999999978,-11.82213
1558.4999999999977,-11.72834
1558.5499999999977,-11.71824
1558.5999999999976,-11.69397
1558.6499999999976,-11.50459
1558.6999999999975,-11.32134
1558.7499999999975,-11.25905
1558.7999999999975,-11.21661
1558.8499999999974,-11.11454
1558.8999999999974,-11.05537
1558.9499999999973,-11.01795
1558.9999999999973,-11.05775
1559.0499999999972,-11.14663
1559.0999999999972,-11.08882
1559.1499999999971,-11.16715
1559.199999999997,-11.1639
1559.249999999997,-11.16578
1559.299999999997,-11.13164
1559.349999999997,-11.07084
1559.399999999997,-11.00164
1559.4499999999969,-10.90889
1559.4999999999968,-10.86754
1559.5499999999968,-10.85674
1559.5999999999967,-10.72974
1559.6499999999967,-10.64045
1559.6999999999966,-10.60777
1559.7499999999966,-10.60308
1559.7999999999965,-10.64103
1559.8499999999965,-10.62114
1559.8999999999965,-10.73521
1559.9499999999964,-10.75678
1559.9999999999964,-10.70528
