1536.2,-10.88826
1536.21,-10.86693
1536.22,-10.8979
1536.23,-10.90339
1536.24,-10.94301
1536.25,-10.95369
1536.26,-10.96473
1536.27,-10.98597
1536.28,-10.97662
1536.29,-10.99094
1536.3,-10.98782
1536.31,-11.01457
1536.32,-11.00678
1536.33,-11.02341
1536.34,-11.02178
1536.35,-11.04498
1536.36,-11.08109
1536.37,-11.10056
1536.3799999999999,-11.08597
1536.3899999999999,-11.08992
1536.3999999999999,-11.11364
1536.4099999999999,-11.12882
1536.4199999999998,-11.13976
1536.4299999999998,-11.13259
1536.4399999999998,-11.15548
1536.4499999999998,-11.17717
1536.4599999999998,-11.20245
1536.4699999999998,-11.22
1536.4799999999998,-11.23556
1536.4899999999998,-11.26481
1536.4999999999998,-11.27569
1536.5099999999998,-11.32972
1536.5199999999998,-11.32793
1536.5299999999997,-11.3609
1536.5399999999997,-11.38353
1536.5499999999997,-11.37254
1536.5599999999997,-11.38043
1536.5699999999997,-11.37755
1536.5799999999997,-11.3388
1536.5899999999997,-11.33901
1536.5999999999997,-11.33954
1536.6099999999997,-11.34272
1536.6199999999997,-11.35559
1536.6299999999997,-11.39016
1536.6399999999996,-11.37979
1536.6499999999996,-11.39792
1536.6599999999996,-11.42075
1536.6699999999996,-11.44007
1536.6799999999996,-11.43196
1536.6899999999996,-11.4236
1536.6999999999996,-11.41913
1536.7099999999996,-11.4502
1536.7199999999996,-11.4922
1536.7299999999996,-11.55096
1536.7399999999996,-11.57852
1536.7499999999995,-11.62461
1536.7599999999995,-11.65981
1536.7699999999995,-11.70574
1536.7799999999995,-11.71951
1536.7899999999995,-11.74973
1536.7999999999995,-11.7732
1536.8099999999995,-11.76702
1536.8199999999995,-11.81924
1536.8299999999995,-11.85236
1536.8399999999995,-11.86923
1536.8499999999995,-11.92052
1536.8599999999994,-12.01101
1536.8699999999994,-12.07916
1536.8799999999994,-12.16045
1536.8899999999994,-12.21856
1536.8999999999994,-12.29877
1536.9099999999994,-12.3932
1536.9199999999994,-12.49669
1536.9299999999994,-12.61269
1536.9399999999994,-12.74654
1536.9499999999994,-12.86928
1536.9599999999994,-12.98608
1536.9699999999993,-13.13686
1536.9799999999993,-13.26877
1536.9899999999993,-13.42168
1536.9999999999993,-13.58593
1537.0099999999993,-13.79108
1537.0199999999993,-13.96209
1537.0299999999993,-14.19954
1537.0399999999993,-14.37735
1537.0499999999993,-14.61098
1537.0599999999993,-14.90341
1537.0699999999993,-15.14908
1537.0799999999992,-15.45683
1537.0899999999992,-15.78748
1537.0999999999992,-16.13469
1537.1099999999992,-16.50219
1537.1199999999992,-16.85316
1537.1299999999992,-17.19534
1537.1399999999992,-17.47185
1537.1499999999992,-17.79394
1537.1599999999992,-18.0299
1537.1699999999992,-18.22129
1537.1799999999992,-18.37612
1537.1899999999991,-18.4207
1537.1999999999991,-18.42178
1537.2099999999991,-18.35746
1537.2199999999991,-18.20996
1537.229999999999,-18.0383
1537.239999999999,-17.7839
1537.249999999999,-17.50604
1537.259999999999,-17.2133
1537.269999999999,-16.91818
1537.279999999999,-16.59409
1537.289999999999,-16.27518
1537.299999999999,-15.92718
1537.309999999999,-15.61349
1537.319999999999,-15.28578
1537.329999999999,-14.97203
1537.339999999999,-14.6353
1537.349999999999,-14.40178
1537.359999999999,-14.14616
1537.369999999999,-13.89922
1537.379999999999,-13.70412
1537.389999999999,-13.52676
1537.399999999999,-13.35602
1537.409999999999,-13.21797
1537.419999999999,-13.0629
1537.429999999999,-12.89975
1537.439999999999,-12.78515
1537.449999999999,-12.64077
1537.459999999999,-12.53049
1537.469999999999,-12.41021
1537.4799999999989,-12.28856
1537.4899999999989,-12.20751
1537.4999999999989,-12.09341
1537.5099999999989,-12.02021
1537.5199999999988,-11.94021
1537.5299999999988,-11.85278
1537.5399999999988,-11.83384
1537.5499999999988,-11.78291
1537.5599999999988,-11.73112
1537.5699999999988,-11.69575
1537.5799999999988,-11.68023
1537.5899999999988,-11.65713
1537.5999999999988,-11.60603
1537.6099999999988,-11.60181
1537.6199999999988,-11.55107
1537.6299999999987,-11.51031
1537.6399999999987,-11.48007
1537.6499999999987,-11.43839
1537.6599999999987,-11.40795
1537.6699999999987,-11.38909
1537.6799999999987,-11.36026
1537.6899999999987,-11.31482
1537.6999999999987,-11.28988
1537.7099999999987,-11.26445
1537.7199999999987,-11.24398
1537.7299999999987,-11.23561
1537.7399999999986,-11.22489
1537.7499999999986,-11.23375
1537.7599999999986,-11.21086
1537.7699999999986,-11.19038
1537.7799999999986,-11.19477
1537.7899999999986,-11.22072
1537.7999999999986,-11.20711
1537.8099999999986,-11.20296
1537.8199999999986,-11.14678
1537.8299999999986,-11.18257
1537.8399999999986,-11.16634
1537.8499999999985,-11.14986
1537.8599999999985,-11.14577
1537.8699999999985,-11.10451
1537.8799999999985,-11.11574
1537.8899999999985,-11.09096
1537.8999999999985,-11.0792
1537.9099999999985,-11.05458
1537.9199999999985,-11.0569
1537.9299999999985,-11.07472
1537.9399999999985,-11.05225
1537.9499999999985,-11.05106
1537.9599999999984,-11.0362
1537.9699999999984,-11.03063
1537.9799999999984,-11.02513
1537.9899999999984,-11.04094
1537.9999999999984,-11.03586
