1500.0,-11.30149
1501.0,-11.20081
1502.0,-10.73171
1503.0,-11.11273
1504.0,-10.81771
1505.0,-10.68541
1506.0,-11.03068
1507.0,-10.80349
1508.0,-10.96963
1509.0,-10.99436
1510.0,-10.58159
1511.0,-10.71323
1512.0,-10.72877
1513.0,-10.81429
1514.0,-11.03758
1515.0,-10.88203
1516.0,-11.06191
1517.0,-10.84126
1518.0,-10.83716
1519.0,-10.85731
1520.0,-11.21661
1521.0,-11.41354
1522.0,-11.60142
1523.0,-13.79452
1524.0,-13.92809
1525.0,-12.07941
1526.0,-11.24238
1527.0,-10.8702
1528.0,-10.56161
1529.0,-10.64977
1530.0,-10.42349
1531.0,-10.57103
1532.0,-10.34316
1533.0,-10.44761
1534.0,-10.56303
1535.0,-10.66617
1536.0,-10.67324
1537.0,-10.45601
1538.0,-10.26153
1539.0,-10.27938
1540.0,-10.34539
1541.0,-10.44137
1542.0,-10.37158
1543.0,-10.55331
1544.0,-10.32366
1545.0,-10.30688
1546.0,-10.35326
1547.0,-10.39163
1548.0,-10.56493
1549.0,-10.63919
1550.0,-10.53369
1551.0,-10.82207
1552.0,-10.71049
1553.0,-10.68559
1554.0,-10.82757
1555.0,-11.99653
1556.0,-14.46504
1557.0,-16.68416
1558.0,-12.17599
1559.0,-11.05349
1560.0,-10.73158
1561.0,-10.69182
1562.0,-10.69474
1563.0,-10.71712
1564.0,-10.74372
1565.0,-10.55839
1566.0,-10.50363
1567.0,-10.43493
1568.0,-10.3839
1569.0,-10.40043
1570.0,-10.65271
1571.0,-10.5372
1572.0,-10.48114
1573.0,-10.39754
1574.0,-10.31318
1575.0,-10.38657
1576.0,-10.4589
1577.0,-10.5438
1578.0,-10.74465
1579.0,-10.62858
1580.0,-10.57728
1581.0,-10.43287
1582.0,-10.51174
1583.0,-10.44469
1584.0,-10.63532
1585.0,-10.51511
1586.0,-10.61022
1587.0,-10.70345
1588.0,-10.73419
1589.0,-10.8846
1590.0,-11.65321
1591.0,-15.43737
1592.0,-17.7867
1593.0,-13.59046
1594.0,-11.35288
1595.0,-11.04849
1596.0,-10.65654
1597.0,-10.56864
1598.0,-10.4913
1599.0,-10.5243
1600.0,-10.50803
