1535.0,-10.85183
1535.05,-10.96017
1535.1,-10.92529
1535.1499999999999,-11.10792
1535.1999999999998,-11.11619
1535.2499999999998,-11.13693
1535.2999999999997,-11.09936
1535.3499999999997,-11.0793
1535.3999999999996,-10.97823
1535.4499999999996,-10.95229
1535.4999999999995,-10.87243
1535.5499999999995,-10.91814
1535.5999999999995,-10.88707
1535.6499999999994,-10.78609
1535.6999999999994,-10.81504
1535.7499999999993,-10.93097
1535.7999999999993,-10.97794
1535.8499999999992,-11.03753
1535.8999999999992,-11.06752
1535.9499999999991,-11.07353
1535.999999999999,-10.99748
1536.049999999999,-11.08069
1536.099999999999,-10.96929
1536.149999999999,-10.96245
1536.199999999999,-10.86588
1536.2499999999989,-10.93111
1536.2999999999988,-10.99621
1536.3499999999988,-11.04909
1536.3999999999987,-11.08498
1536.4499999999987,-11.17468
1536.4999999999986,-11.2591
1536.5499999999986,-11.37404
1536.5999999999985,-11.30579
1536.6499999999985,-11.37659
1536.6999999999985,-11.43245
1536.7499999999984,-11.63201
1536.7999999999984,-11.7157
1536.8499999999983,-11.93257
1536.8999999999983,-12.28271
1536.9499999999982,-12.85314
1536.9999999999982,-13.61913
1537.0499999999981,-14.62245
1537.099999999998,-16.15931
1537.149999999998,-17.76948
1537.199999999998,-18.37185
1537.249999999998,-17.48662
1537.299999999998,-15.8635
1537.3499999999979,-14.36259
1537.3999999999978,-13.31559
1537.4499999999978,-12.61318
1537.4999999999977,-12.05896
1537.5499999999977,-11.74114
1537.5999999999976,-11.60991
1537.6499999999976,-11.41267
1537.6999999999975,-11.2696
1537.7499999999975,-11.19656
1537.7999999999975,-11.19477
1537.8499999999974,-11.12625
1537.8999999999974,-11.05294
1537.9499999999973,-11.03325
1537.9999999999973,-11.01624
1538.0499999999972,-10.92405
1538.0999999999972,-10.809
1538.1499999999971,-10.83565
1538.199999999997,-10.75752
1538.249999999997,-10.82062
1538.299999999997,-10.71186
1538.349999999997,-10.74635
1538.399999999997,-10.76011
1538.4499999999969,-10.74294
1538.4999999999968,-10.74778
1538.5499999999968,-10.79844
1538.5999999999967,-10.79401
1538.6499999999967,-10.8187
1538.6999999999966,-10.72322
1538.7499999999966,-10.69592
1538.7999999999965,-10.67419
1538.8499999999965,-10.68473
1538.8999999999965,-10.67324
1538.9499999999964,-10.72161
1538.9999999999964,-10.74741
1539.0499999999963,-10.79499
1539.0999999999963,-10.70099
1539.1499999999962,-10.7716
1539.1999999999962,-10.74124
1539.2499999999961,-10.73493
1539.299999999996,-10.71685
1539.349999999996,-10.73259
1539.399999999996,-10.687
1539.449999999996,-10.67823
1539.499999999996,-10.7212
1539.5499999999959,-10.77996
1539.5999999999958,-10.7087
1539.6499999999958,-10.66486
1539.6999999999957,-10.64382
1539.7499999999957,-10.65104
1539.7999999999956,-10.67819
1539.8499999999956,-10.74497
1539.8999999999955,-10.7423
1539.9499999999955,-10.76182
1539.9999999999955,-10.7313
