1500.0,-11.40414
1501.0,-11.76725
1502.0,-11.10471
1503.0,-11.24418
1504.0,-11.27147
1505.0,-12.2196
1506.0,-11.28158
1507.0,-11.23778
1508.0,-11.07308
1509.0,-11.04261
1510.0,-10.82489
1511.0,-10.78614
1512.0,-10.86991
1513.0,-10.89551
1514.0,-11.25019
1515.0,-10.82376
1516.0,-11.13174
1517.0,-10.5815
1518.0,-10.83062
1519.0,-10.81902
1520.0,-10.62213
1521.0,-10.99641
1522.0,-10.69893
1523.0,-10.764
1524.0,-10.46806
1525.0,-10.65596
1526.0,-10.65099
1527.0,-10.62863
1528.0,-10.80204
1529.0,-10.78107
1530.0,-10.76007
1531.0,-10.61264
1532.0,-10.87238
1533.0,-10.70925
1534.0,-10.98392
1535.0,-10.82437
1536.0,-11.00805
1537.0,-13.64215
1538.0,-10.97133
1539.0,-10.74571
1540.0,-10.7359
1541.0,-10.74359
1542.0,-10.91469
1543.0,-10.87442
1544.0,-10.82095
1545.0,-10.70656
1546.0,-10.72473
1547.0,-10.84781
1548.0,-10.99255
1549.0,-11.07666
1550.0,-10.93959
1551.0,-10.89833
1552.0,-10.78037
1553.0,-10.70327
1554.0,-10.69743
1555.0,-10.78209
1556.0,-10.97293
1557.0,-10.74405
1558.0,-10.77462
1559.0,-10.64941
1560.0,-10.72551
1561.0,-10.72001
1562.0,-10.82372
1563.0,-10.94765
1564.0,-10.75697
1565.0,-10.80802
1566.0,-10.69141
1567.0,-10.61622
1568.0,-10.58478
1569.0,-10.60804
1570.0,-10.76859
1571.0,-12.4142
1572.0,-11.17789
1573.0,-10.68746
1574.0,-10.52027
1575.0,-10.49818
1576.0,-10.59693
1577.0,-10.56864
1578.0,-10.73328
1579.0,-10.74801
1580.0,-10.5076
1581.0,-10.60598
1582.0,-10.37331
1583.0,-10.45368
1584.0,-10.7969
1585.0,-10.51345
1586.0,-10.61107
1587.0,-10.51633
1588.0,-10.36359
1589.0,-10.43073
1590.0,-10.66219
1591.0,-10.56121
1592.0,-10.656
1593.0,-10.73314
1594.0,-10.72905
1595.0,-10.61935
1596.0,-10.58332
1597.0,-10.45256
1598.0,-10.64036
1599.0,-10.70153
1600.0,-10.7045
