1537.0,-15.48475
1537.01,-15.50677
1537.02,-15.55184
1537.03,-15.59416
1537.04,-15.61363
1537.05,-15.64443
1537.06,-15.64585
1537.07,-15.65826
1537.08,-15.65055
1537.09,-15.65269
1537.1,-15.67544
1537.11,-15.71522
1537.12,-15.70466
1537.1299999999999,-15.69183
1537.1399999999999,-15.68305
1537.1499999999999,-15.64642
1537.1599999999999,-15.6285
1537.1699999999998,-15.60431
1537.1799999999998,-15.57141
1537.1899999999998,-15.54571
1537.1999999999998,-15.51671
1537.2099999999998,-15.47953
1537.2199999999998,-15.43628
1537.2299999999998,-15.41394
1537.2399999999998,-15.35331
1537.2499999999998,-15.32662
1537.2599999999998,-15.30628
1537.2699999999998,-15.28683
1537.2799999999997,-15.28041
1537.2899999999997,-15.28998
1537.2999999999997,-15.30615
1537.3099999999997,-15.32636
1537.3199999999997,-15.30141
1537.3299999999997,-15.25702
1537.3399999999997,-15.22496
1537.3499999999997,-15.16473
1537.3599999999997,-15.11932
1537.3699999999997,-15.08375
1537.3799999999997,-15.10193
1537.3899999999996,-15.06351
1537.3999999999996,-15.07737
1537.4099999999996,-15.10634
1537.4199999999996,-15.11742
1537.4299999999996,-15.12298
1537.4399999999996,-15.12841
1537.4499999999996,-15.15302
1537.4599999999996,-15.14971
1537.4699999999996,-15.1459
1537.4799999999996,-15.17533
1537.4899999999996,-15.19699
1537.4999999999995,-15.25533
1537.5099999999995,-15.30866
1537.5199999999995,-15.33563
1537.5299999999995,-15.33046
1537.5399999999995,-15.33537
1537.5499999999995,-15.36118
1537.5599999999995,-15.33258
1537.5699999999995,-15.36038
1537.5799999999995,-15.36385
1537.5899999999995,-15.41326
1537.5999999999995,-15.44525
1537.6099999999994,-15.51782
1537.6199999999994,-15.57365
1537.6299999999994,-15.61971
1537.6399999999994,-15.70553
1537.6499999999994,-15.72667
1537.6599999999994,-15.8006
1537.6699999999994,-15.82413
1537.6799999999994,-15.88392
1537.6899999999994,-15.92764
1537.6999999999994,-15.99026
1537.7099999999994,-16.01998
1537.7199999999993,-16.04521
1537.7299999999993,-16.06149
1537.7399999999993,-16.07027
1537.7499999999993,-16.07483
1537.7599999999993,-16.08349
1537.7699999999993,-16.08901
1537.7799999999993,-16.11179
1537.7899999999993,-16.12004
1537.7999999999993,-16.16028
1537.8099999999993,-16.16461
1537.8199999999993,-16.21889
1537.8299999999992,-16.26531
1537.8399999999992,-16.29929
1537.8499999999992,-16.35362
1537.8599999999992,-16.40863
1537.8699999999992,-16.44701
1537.8799999999992,-16.55298
1537.8899999999992,-16.63791
1537.8999999999992,-16.71303
1537.9099999999992,-16.78577
1537.9199999999992,-16.84527
1537.9299999999992,-16.9604
1537.9399999999991,-17.08421
1537.9499999999991,-17.19779
1537.9599999999991,-17.37358
1537.9699999999991,-17.55507
1537.979999999999,-17.79683
1537.989999999999,-18.07631
1537.999999999999,-18.38762
1538.009999999999,-18.78135
1538.019999999999,-19.17583
1538.029999999999,-19.65528
1538.039999999999,-20.18376
1538.049999999999,-20.78045
1538.059999999999,-21.36511
1538.069999999999,-22.10114
1538.079999999999,-23.00639
1538.089999999999,-24.30948
1538.099999999999,-25.8312
1538.109999999999,-28.37613
1538.119999999999,-31.60809
1538.129999999999,-36.62626
1538.139999999999,-39.71223
1538.149999999999,-34.89231
1538.159999999999,-30.71352
1538.169999999999,-27.81831
1538.179999999999,-25.82051
1538.189999999999,-23.77844
1538.199999999999,-22.22859
1538.209999999999,-21.04839
1538.219999999999,-20.193
1538.2299999999989,-19.40533
1538.2399999999989,-18.86277
1538.2499999999989,-18.38602
1538.2599999999989,-17.95725
1538.2699999999988,-17.61071
1538.2799999999988,-17.3272
1538.2899999999988,-17.11068
1538.2999999999988,-16.92716
1538.3099999999988,-16.77744
1538.3199999999988,-16.6634
1538.3299999999988,-16.57516
1538.3399999999988,-16.50896
1538.3499999999988,-16.41526
1538.3599999999988,-16.34089
1538.3699999999988,-16.27699
1538.3799999999987,-16.20331
1538.3899999999987,-16.16364
1538.3999999999987,-16.11258
1538.4099999999987,-16.0958
1538.4199999999987,-16.10941
1538.4299999999987,-16.09817
1538.4399999999987,-16.06446
1538.4499999999987,-16.00788
1538.4599999999987,-15.95585
1538.4699999999987,-15.92141
1538.4799999999987,-15.88031
1538.4899999999986,-15.82651
1538.4999999999986,-15.81954
1538.5099999999986,-15.80621
1538.5199999999986,-15.80104
1538.5299999999986,-15.78483
1538.5399999999986,-15.76692
1538.5499999999986,-15.71797
1538.5599999999986,-15.68133
1538.5699999999986,-15.64229
1538.5799999999986,-15.63276
1538.5899999999986,-15.58094
1538.5999999999985,-15.57477
1538.6099999999985,-15.56553
1538.6199999999985,-15.56469
1538.6299999999985,-15.53612
1538.6399999999985,-15.51823
1538.6499999999985,-15.47885
1538.6599999999985,-15.43234
1538.6699999999985,-15.41421
1538.6799999999985,-15.36986
1538.6899999999985,-15.33789
1538.6999999999985,-15.30747
1538.7099999999984,-15.29011
1538.7199999999984,-15.27818
1538.7299999999984,-15.26615
1538.7399999999984,-15.22483
1538.7499999999984,-15.18762
1538.7599999999984,-15.17764
1538.7699999999984,-15.1916
1538.7799999999984,-15.20214
1538.7899999999984,-15.20445
1538.7999999999984,-15.24778
1538.8099999999984,-15.24376
1538.8199999999983,-15.28237
1538.8299999999983,-15.24363
1538.8399999999983,-15.21076
1538.8499999999983,-15.15378
1538.8599999999983,-15.125
1538.8699999999983,-15.08612
1538.8799999999983,-15.04524
1538.8899999999983,-15.02976
1538.8999999999983,-15.04263
1538.9099999999983,-15.05729
1538.9199999999983,-15.08638
1538.9299999999982,-15.10596
1538.9399999999982,-15.13069
1538.9499999999982,-15.14082
1538.9599999999982,-15.11641
1538.9699999999982,-15.12171
1538.9799999999982,-15.12904
1538.9899999999982,-15.13613
1538.9999999999982,-15.16435
