1535.0,-15.51782
1535.05,-15.82354
1535.1,-15.94974
1535.1499999999999,-16.03398
1535.1999999999998,-15.94836
1535.2499999999998,-15.86036
1535.2999999999997,-15.55101
1535.3499999999997,-15.34413
1535.3999999999996,-15.23208
1535.4499999999996,-15.20574
1535.4999999999995,-15.09189
1535.5499999999995,-15.27595
1535.5999999999995,-15.2668
1535.6499999999994,-15.43465
1535.6999999999994,-15.63845
1535.7499999999993,-15.8484
1535.7999999999993,-15.82146
1535.8499999999992,-15.88227
1535.8999999999992,-15.64072
1535.9499999999991,-15.40921
1535.999999999999,-15.34519
1536.049999999999,-15.26602
1536.099999999999,-15.01002
1536.149999999999,-15.0466
1536.199999999999,-15.12664
1536.2499999999989,-15.19571
1536.2999999999988,-15.34015
1536.3499999999988,-15.64542
1536.3999999999987,-15.68981
1536.4499999999987,-15.70957
1536.4999999999986,-15.67559
1536.5499999999986,-15.50029
1536.5999999999985,-15.27582
1536.6499999999985,-15.10294
1536.6999999999985,-15.02877
1536.7499999999984,-15.03891
1536.7999999999984,-15.0279
1536.8499999999983,-15.1445
1536.8999999999983,-15.27033
1536.9499999999982,-15.3359
1536.9999999999982,-15.49395
1537.0499999999981,-15.61589
1537.099999999998,-15.69068
1537.149999999998,-15.65227
1537.199999999998,-15.52696
1537.249999999998,-15.33391
1537.299999999998,-15.31604
1537.3499999999979,-15.16639
1537.3999999999978,-15.08638
1537.4499999999978,-15.13082
1537.4999999999977,-15.32424
1537.5499999999977,-15.35571
1537.5999999999976,-15.49602
1537.6499999999976,-15.77381
1537.6999999999975,-15.99412
1537.7499999999975,-16.06415
1537.7999999999975,-16.16124
1537.8499999999974,-16.38374
1537.8999999999974,-16.76545
1537.9499999999973,-17.28897
1537.9999999999973,-18.59539
1538.0499999999972,-20.96041
1538.0999999999972,-26.70044
1538.1499999999971,-33.29682
1538.199999999997,-21.82039
1538.249999999997,-18.22922
1538.299999999997,-16.88167
1538.349999999997,-16.42787
1538.399999999997,-16.14523
1538.4499999999969,-16.02044
1538.4999999999968,-15.82755
1538.5499999999968,-15.70293
1538.5999999999967,-15.58937
1538.6499999999967,-15.45778
1538.6999999999966,-15.30826
1538.7499999999966,-15.22109
1538.7999999999965,-15.29234
1538.8499999999965,-15.15098
1538.8999999999965,-15.09277
1538.9499999999964,-15.17802
1538.9999999999964,-15.21386
1539.0499999999963,-15.18365
1539.0999999999963,-15.17227
1539.1499999999962,-15.22509
1539.1999999999962,-15.41677
1539.2499999999961,-15.26354
1539.299999999996,-15.27857
1539.349999999996,-15.19686
1539.399999999996,-15.1173
1539.449999999996,-14.94928
1539.499999999996,-15.03953
1539.5499999999959,-15.0378
1539.5999999999958,-15.10118
1539.6499999999958,-15.02012
1539.6999999999957,-15.23182
1539.7499999999957,-15.26955
1539.7999999999956,-15.21579
1539.8499999999956,-15.25181
1539.8999999999955,-15.36572
1539.9499999999955,-15.32371
1539.9999999999955,-15.15785
1540.0499999999954,-15.07587
1540.0999999999954,-15.13309
1540.1499999999953,-15.07987
1540.1999999999953,-14.97496
1540.2499999999952,-14.94625
1540.2999999999952,-15.03235
1540.3499999999951,-15.06376
1540.399999999995,-15.13297
1540.449999999995,-15.23027
1540.499999999995,-15.42056
1540.549999999995,-15.40193
1540.599999999995,-15.43099
1540.6499999999949,-15.24428
1540.6999999999948,-15.1604
1540.7499999999948,-15.01803
1540.7999999999947,-14.94746
1540.8499999999947,-14.95244
1540.8999999999946,-14.99896
1540.9499999999946,-15.01334
1540.9999999999945,-15.20741
1541.0499999999945,-15.27765
1541.0999999999945,-15.37735
1541.1499999999944,-15.49615
1541.1999999999944,-15.59373
1541.2499999999943,-15.46899
1541.2999999999943,-15.38473
1541.3499999999942,-15.21489
1541.3999999999942,-15.09816
1541.4499999999941,-15.00043
1541.499999999994,-15.00559
1541.549999999994,-14.96107
1541.599999999994,-15.06987
1541.649999999994,-15.13335
1541.699999999994,-15.23092
1541.7499999999939,-15.43764
1541.7999999999938,-15.79617
1541.8499999999938,-15.70076
1541.8999999999937,-15.595
1541.9499999999937,-15.40571
1541.9999999999936,-15.25012
1542.0499999999936,-15.11831
1542.0999999999935,-15.18019
1542.1499999999935,-15.14209
1542.1999999999935,-15.06065
1542.2499999999934,-15.06538
1542.2999999999934,-15.2638
1542.3499999999933,-15.31327
1542.3999999999933,-15.59669
1542.4499999999932,-15.54752
1542.4999999999932,-15.62482
1542.5499999999931,-15.4831
1542.599999999993,-15.33762
1542.649999999993,-15.18532
1542.699999999993,-15.06863
1542.749999999993,-15.02914
1542.799999999993,-15.02407
1542.8499999999929,-15.0115
1542.8999999999928,-15.11062
1542.9499999999928,-15.36158
1542.9999999999927,-15.54307
1543.0499999999927,-15.43981
1543.0999999999926,-15.56623
1543.1499999999926,-15.48832
1543.1999999999925,-15.35971
1543.2499999999925,-15.34998
1543.2999999999925,-15.29287
1543.3499999999924,-15.04648
1543.3999999999924,-15.03173
1543.4499999999923,-14.95219
1543.4999999999923,-14.94782
1543.5499999999922,-15.00154
1543.5999999999922,-15.22122
1543.6499999999921,-15.37561
1543.699999999992,-15.57842
1543.749999999992,-15.41677
1543.799999999992,-15.37628
1543.849999999992,-15.32901
1543.899999999992,-15.59275
1543.9499999999919,-15.19096
1543.9999999999918,-15.03272
1544.0499999999918,-14.98303
1544.0999999999917,-14.96143
1544.1499999999917,-14.90557
1544.1999999999916,-14.90989
1544.2499999999916,-15.01852
1544.2999999999915,-15.32715
1544.3499999999915,-15.22173
1544.3999999999915,-15.42462
1544.4499999999914,-15.33855
1544.4999999999914,-15.23986
1544.5499999999913,-15.18032
1544.5999999999913,-15.0845
1544.6499999999912,-15.03112
1544.6999999999912,-14.8883
1544.7499999999911,-14.8516
1544.799999999991,-14.8822
1544.849999999991,-14.94334
1544.899999999991,-15.07637
1544.949999999991,-15.14247
1544.999999999991,-15.27255
