1500.0,-16.53057
1500.5,-16.70066
1501.0,-15.88272
1501.5,-16.46212
1502.0,-16.38864
1502.5,-15.69759
1503.0,-16.01781
1503.5,-16.14027
1504.0,-15.74048
1504.5,-15.91868
1505.0,-16.31622
1505.5,-20.66398
1506.0,-16.48574
1506.5,-16.43196
1507.0,-15.92961
1507.5,-16.08176
1508.0,-16.22507
1508.5,-15.7766
1509.0,-15.5619
1509.5,-15.98533
1510.0,-15.68708
1510.5,-15.52045
1511.0,-15.79794
1511.5,-15.74996
1512.0,-15.60981
1512.5,-15.91201
1513.0,-16.28524
1513.5,-15.83558
1514.0,-15.78012
1514.5,-16.27073
1515.0,-15.94668
1515.5,-15.43872
1516.0,-15.8659
1516.5,-15.90746
1517.0,-15.50401
1517.5,-15.5339
1518.0,-15.90323
1518.5,-15.47898
1519.0,-15.45492
1519.5,-16.02091
1520.0,-16.01284
1520.5,-15.48502
1521.0,-15.62723
1521.5,-16.2681
1522.0,-15.65241
1522.5,-15.21967
1523.0,-15.62071
1523.5,-15.64386
1524.0,-15.2926
1524.5,-15.17802
1525.0,-15.54725
1525.5,-15.37789
1526.0,-15.19404
1526.5,-15.76384
1527.0,-15.8764
1527.5,-15.35012
1528.0,-15.33484
1528.5,-15.79425
1529.0,-15.90625
1529.5,-15.55463
1530.0,-15.28971
1530.5,-15.72914
1531.0,-15.52779
1531.5,-15.11957
1532.0,-15.38044
1532.5,-15.67587
1533.0,-15.36665
1533.5,-15.08112
1534.0,-15.49739
1534.5,-15.94058
1535.0,-15.56665
1535.5,-15.1178
1536.0,-15.34294
1536.5,-15.69082
1537.0,-15.53501
1537.5,-15.34812
1538.0,-18.80892
1538.5,-15.85168
1539.0,-15.23584
1539.5,-15.05107
1540.0,-15.16639
1540.5,-15.47802
1541.0,-15.27936
1541.5,-15.00375
1542.0,-15.22781
1542.5,-15.64243
1543.0,-15.55031
1543.5,-14.97704
1544.0,-15.03829
1544.5,-15.26145
1545.0,-15.32107
1545.5,-14.94734
1546.0,-15.03334
1546.5,-15.38486
1547.0,-15.26602
1547.5,-15.11339
1548.0,-15.06838
1548.5,-15.4299
1549.0,-15.71406
1549.5,-15.53806
1550.0,-15.11213
1550.5,-14.99957
1551.0,-15.19122
1551.5,-15.31618
1552.0,-15.20394
1552.5,-14.77771
1553.0,-15.1825
1553.5,-15.02457
1554.0,-14.88603
1554.5,-14.79794
1555.0,-14.80204
1555.5,-15.24298
1556.0,-15.42042
1556.5,-15.07299
1557.0,-14.87063
1557.5,-14.9807
1558.0,-15.26628
1558.5,-15.09139
1559.0,-14.81156
1559.5,-14.61761
1560.0,-15.03334
1560.5,-15.01889
1561.0,-14.99442
1561.5,-14.68583
1562.0,-14.90749
1562.5,-15.38285
1563.0,-15.50387
1563.5,-15.33484
1564.0,-14.74841
1564.5,-14.77759
1565.0,-15.01236
1565.5,-15.31737
1566.0,-15.06065
1566.5,-14.65317
1567.0,-14.60212
1567.5,-14.77176
1568.0,-15.00436
1568.5,-14.7085
1569.0,-14.63936
1569.5,-14.56597
1570.0,-15.00965
1570.5,-15.35771
1571.0,-15.11288
1571.5,-14.85647
1572.0,-16.01687
1572.5,-19.8854
1573.0,-15.21902
1573.5,-14.79384
1574.0,-14.52615
1574.5,-14.48724
1575.0,-14.78121
1575.5,-14.90761
1576.0,-14.7046
1576.5,-14.48114
1577.0,-14.49893
1577.5,-14.93353
1578.0,-15.45151
1578.5,-15.3026
1579.0,-14.82321
1579.5,-14.47341
1580.0,-14.51637
1580.5,-14.85172
1581.0,-14.98952
1581.5,-14.77771
1582.0,-14.32448
1582.5,-14.361
1583.0,-14.66157
1583.5,-14.89777
1584.0,-14.83561
1584.5,-14.56586
1585.0,-14.31126
1585.5,-14.43389
1586.0,-14.7963
1586.5,-14.94188
1587.0,-14.86134
1587.5,-14.41797
1588.0,-14.27911
1588.5,-14.1808
1589.0,-14.427
1589.5,-14.53078
1590.0,-14.46667
1590.5,-14.09512
1591.0,-14.26924
1591.5,-14.5167
1592.0,-14.82333
1592.5,-14.84851
1593.0,-14.52913
1593.5,-14.23698
1594.0,-14.3781
1594.5,-14.53574
1595.0,-14.83478
1595.5,-14.80721
1596.0,-14.46211
1596.5,-14.09133
1597.0,-14.14253
1597.5,-14.35115
1598.0,-14.60896
1598.5,-14.64603
1599.0,-14.31199
1599.5,-14.14112
1600.0,-14.40146
