1534.0,-11.33405
1534.05,-11.39272
1534.1,-11.4751
1534.1499999999999,-11.47799
1534.1999999999998,-11.49018
1534.2499999999998,-11.47319
1534.2999999999997,-11.41515
1534.3499999999997,-11.30432
1534.3999999999996,-11.28518
1534.4499999999996,-11.29573
1534.4999999999995,-11.25807
1534.5499999999995,-11.30422
1534.5999999999995,-11.33452
1534.6499999999994,-11.34033
1534.6999999999994,-11.41778
1534.7499999999993,-11.47941
1534.7999999999993,-11.56057
1534.8499999999992,-11.54015
1534.8999999999992,-11.53838
1534.9499999999991,-11.55302
1534.999999999999,-11.4622
1535.049999999999,-11.39112
1535.099999999999,-11.31235
1535.149999999999,-11.32793
1535.199999999999,-11.32224
1535.2499999999989,-11.39711
1535.2999999999988,-11.651
1535.3499999999988,-11.66225
1535.3999999999987,-11.59542
1535.4499999999987,-11.57511
1535.4999999999986,-11.60148
1535.5499999999986,-11.56631
1535.5999999999985,-11.45627
1535.6499999999985,-11.37707
1535.6999999999985,-11.4208
1535.7499999999984,-11.33912
1535.7999999999984,-11.29573
1535.8499999999983,-11.28862
1535.8999999999983,-11.41461
1535.9499999999982,-11.51058
1535.9999999999982,-11.53236
1536.0499999999981,-11.59822
1536.099999999998,-11.72401
1536.149999999998,-11.67565
1536.199999999998,-11.61666
1536.249999999998,-11.66721
1536.299999999998,-11.60035
1536.3499999999979,-11.50635
1536.3999999999978,-11.46334
1536.4499999999978,-11.48575
1536.4999999999977,-11.52976
1536.5499999999977,-11.59323
1536.5999999999976,-11.66134
1536.6499999999976,-11.76562
1536.6999999999975,-11.82455
1536.7499999999975,-11.83366
1536.7999999999975,-11.83266
1536.8499999999974,-11.84677
1536.8999999999974,-11.92742
1536.9499999999973,-11.86756
1536.9999999999973,-11.94264
1537.0499999999972,-11.99961
1537.0999999999972,-12.02584
1537.1499999999971,-12.21558
1537.199999999997,-12.47762
1537.249999999997,-12.70529
1537.299999999997,-13.02416
1537.349999999997,-13.29829
1537.399999999997,-13.65033
1537.4499999999969,-14.0498
1537.4999999999968,-14.51175
1537.5499999999968,-15.17073
1537.5999999999967,-15.98441
1537.6499999999967,-16.92678
1537.6999999999966,-18.21125
1537.7499999999966,-19.9115
1537.7999999999965,-21.85841
1537.8499999999965,-22.84875
1537.8999999999965,-22.70343
1537.9499999999964,-21.26997
1537.9999999999964,-19.54843
1538.0499999999963,-17.94382
1538.0999999999963,-16.52847
1538.1499999999962,-15.62864
1538.1999999999962,-14.97301
1538.2499999999961,-14.2939
1538.299999999996,-13.67705
1538.349999999996,-13.30112
1538.399999999996,-12.92024
1538.449999999996,-12.5748
1538.499999999996,-12.44089
1538.5499999999959,-12.3294
1538.5999999999958,-12.15024
1538.6499999999958,-12.00842
1538.6999999999957,-11.95858
1538.7499999999957,-12.00392
1538.7999999999956,-11.99617
1538.8499999999956,-11.8098
1538.8999999999955,-11.87006
1538.9499999999955,-11.73998
1538.9999999999955,-11.54658
