1500.0,-11.55707
1501.0,-11.70776
1502.0,-11.63512
1503.0,-11.37292
1504.0,-11.55263
1505.0,-13.41921
1506.0,-12.33897
1507.0,-11.64379
1508.0,-11.25169
1509.0,-11.24827
1510.0,-11.16563
1511.0,-10.89112
1512.0,-11.17671
1513.0,-11.18553
1514.0,-11.27012
1515.0,-11.29715
1516.0,-11.06801
1517.0,-11.17437
1518.0,-10.98514
1519.0,-11.16527
1520.0,-11.18895
1521.0,-11.18589
1522.0,-11.18344
1523.0,-10.95766
1524.0,-11.08005
1525.0,-10.89251
1526.0,-11.09071
1527.0,-11.11037
1528.0,-11.32514
1529.0,-11.20009
1530.0,-11.18956
1531.0,-11.07621
1532.0,-11.1569
1533.0,-11.27595
1534.0,-11.33843
1535.0,-11.46448
1536.0,-11.4898
1537.0,-11.91865
1538.0,-19.5022
1539.0,-11.52965
1540.0,-11.1888
1541.0,-11.2784
1542.0,-11.30621
1543.0,-11.27157
1544.0,-11.20358
1545.0,-11.04513
1546.0,-11.11389
1547.0,-11.22551
1548.0,-11.43661
1549.0,-11.26284
1550.0,-11.35867
1551.0,-11.1567
1552.0,-10.95345
1553.0,-11.0624
1554.0,-10.9476
1555.0,-11.08677
1556.0,-11.04029
1557.0,-11.15624
1558.0,-10.97614
1559.0,-10.87086
1560.0,-10.94702
1561.0,-10.97731
1562.0,-11.16725
1563.0,-10.98388
1564.0,-11.176
1565.0,-11.10992
1566.0,-10.90631
1567.0,-10.84961
1568.0,-10.87594
1569.0,-11.02783
1570.0,-11.23638
1571.0,-11.79498
1572.0,-21.32183
1573.0,-12.05747
1574.0,-11.14749
1575.0,-11.02488
1576.0,-10.85074
1577.0,-11.17661
1578.0,-11.03152
1579.0,-11.10882
1580.0,-11.24455
1581.0,-10.91747
1582.0,-11.03275
1583.0,-10.96008
1584.0,-10.98568
1585.0,-11.11128
1586.0,-11.11785
1587.0,-10.96337
1588.0,-10.9228
1589.0,-10.88693
1590.0,-10.81752
1591.0,-11.00042
1592.0,-11.04286
1593.0,-11.05285
1594.0,-11.27022
1595.0,-11.10516
1596.0,-10.88998
1597.0,-11.05819
1598.0,-11.07577
1599.0,-11.05097
1600.0,-11.33173
