1500.0,-31.93398
1501.0,-32.11164
1502.0,-31.38102
1503.0,-29.22128
1504.0,-27.09622
1505.0,-17.61397
1506.0,-21.68998
1507.0,-26.74774
1508.0,-31.05729
1509.0,-30.65708
1510.0,-33.66865
1511.0,-36.76466
1512.0,-35.25963
1513.0,-35.64925
1514.0,-35.88501
1515.0,-33.70211
1516.0,-36.22095
1517.0,-39.73103
1518.0,-37.99236
1519.0,-38.36693
1520.0,-39.17677
1521.0,-36.96364
1522.0,-37.86138
1523.0,-39.97419
1524.0,-40.28309
1525.0,-41.4897
1526.0,-40.68723
1527.0,-39.36028
1528.0,-37.50032
1529.0,-38.0352
1530.0,-37.50384
1531.0,-37.4764
1532.0,-35.60778
1533.0,-34.36467
1534.0,-31.96058
1535.0,-30.49522
1536.0,-26.76448
1537.0,-20.48424
1538.0,-13.8273
1539.0,-22.20208
1540.0,-27.38081
1541.0,-30.41793
1542.0,-32.22177
1543.0,-33.64223
1544.0,-35.62733
1545.0,-36.46016
1546.0,-36.36984
1547.0,-37.66492
1548.0,-37.10335
1549.0,-35.70304
1550.0,-34.84214
1551.0,-37.74566
1552.0,-39.2324
1553.0,-38.55606
1554.0,-39.04492
1555.0,-39.59645
1556.0,-39.50052
1557.0,-37.34795
1558.0,-37.96161
1559.0,-39.00654
1560.0,-38.79572
1561.0,-37.28755
1562.0,-36.01169
1563.0,-36.15911
1564.0,-35.34372
1565.0,-33.97851
1566.0,-33.02324
1567.0,-31.62046
1568.0,-29.83226
1569.0,-27.55956
1570.0,-24.47679
1571.0,-19.64625
1572.0,-13.37827
1573.0,-18.53529
1574.0,-23.62742
1575.0,-27.06419
1576.0,-29.35392
1577.0,-31.30817
1578.0,-32.62999
1579.0,-32.67561
1580.0,-33.37194
1581.0,-35.7572
1582.0,-36.41554
1583.0,-35.71659
1584.0,-35.63921
1585.0,-36.47039
1586.0,-37.18996
1587.0,-37.71202
1588.0,-36.72104
1589.0,-37.34513
1590.0,-37.2446
1591.0,-37.00879
1592.0,-36.22357
1593.0,-34.97407
1594.0,-34.43993
1595.0,-35.9031
1596.0,-35.57545
1597.0,-34.05836
1598.0,-33.64766
1599.0,-33.82591
1600.0,-33.1306
